leftycolor=[0 0.4470 0.7410];
rightycolor=[0.8500 0.3250 0.0980];